name: singleshotpose
channels:
  - anaconda
  - default
  - conda-forge
  - pytorch
  - defaults
dependencies:
  - backcall=0.2.0=pyh9f0ad1d_0
  - backports=1.0=py_2
  - backports.functools_lru_cache=1.6.4=pyhd8ed1ab_0
  - ca-certificates=2022.9.24=h5b45459_0
  - certifi=2021.5.30=py36haa95532_0
  - cffi=1.14.6=py36he58ceb7_1
  - colorama=0.4.5=pyhd8ed1ab_0
  - cuda80=1.0=0
  - entrypoints=0.4=pyhd8ed1ab_0
  - freetype=2.10.4=h546665d_1
  - intel-openmp=2022.1.0=h57928b3_3787
  - ipykernel=5.5.5=py36hfacbf0b_0
  - ipython=7.16.1=py36h7b2dad6_2
  - ipython_genutils=0.2.0=py_1
  - jedi=0.17.2=py36ha15d459_1
  - jpeg=9b=vc14h4d7706e_1
  - jupyter_client=7.1.2=pyhd8ed1ab_0
  - jupyter_core=4.8.1=py36ha15d459_0
  - libblas=3.9.0=8_mkl
  - libcblas=3.9.0=8_mkl
  - liblapack=3.9.0=8_mkl
  - libpng=1.6.37=h1d00b33_2
  - libsodium=1.0.18=h8d14728_1
  - libtiff=4.2.0=hd0e1b90_0
  - llvmlite=0.36.0=py36haecd60e_0
  - lz4-c=1.9.3=h8ffe710_1
  - mkl=2020.4=hb70f87d_311
  - mkl_fft=1.3.0=py36h6434af4_1
  - nest-asyncio=1.5.6=pyhd8ed1ab_0
  - numba=0.53.1=py36hd0dfabe_1
  - numpy=1.19.5=py36h4b40d73_2
  - olefile=0.46=pyh9f0ad1d_1
  - openssl=3.0.5=hcfcfb64_2
  - parso=0.7.1=pyh9f0ad1d_0
  - pickleshare=0.7.5=py_1003
  - pillow=8.3.1=py36h4fa10fc_0
  - pip=21.3.1=pyhd8ed1ab_0
  - prompt-toolkit=3.0.31=pyha770c72_0
  - pycparser=2.21=pyhd8ed1ab_0
  - pygments=2.13.0=pyhd8ed1ab_0
  - python=3.6.15=h39d44d4_0_cpython
  - python-dateutil=2.8.2=pyhd8ed1ab_0
  - python_abi=3.6=2_cp36m
  - pytorch=0.4.1=py36_cuda80_cudnn7he774522_1
  - pywin32=301=py36h68aa20f_0
  - pyzmq=22.3.0=py36h1d5d788_0
  - setuptools=58.0.4=py36ha15d459_2
  - six=1.16.0=pyh6c4a22f_0
  - tk=8.6.7=vc14hb68737d_1
  - torchvision=0.2.1=py_2
  - tornado=6.1=py36h68aa20f_1
  - traitlets=4.3.3=pyhd8ed1ab_2
  - ucrt=10.0.20348.0=h57928b3_0
  - vc=14.2=hac3ee0b_8
  - vs2015_runtime=14.29.30139=h890b9b1_8
  - wcwidth=0.2.5=pyh9f0ad1d_2
  - wheel=0.37.1=pyhd8ed1ab_0
  - xz=5.2.6=h8d14728_0
  - zeromq=4.3.4=h0e60522_1
  - zlib=1.2.11=vc14h1cdd9ab_1
  - zstd=1.4.5=h04227a9_0
  - pip:
    - async-generator==1.10
    - attrs==22.1.0
    - bleach==4.1.0
    - cycler==0.11.0
    - decorator==4.4.2
    - defusedxml==0.7.1
    - gputil==1.4.0
    - importlib-metadata==4.8.3
    - jinja2==3.0.3
    - jsonschema==3.2.0
    - jupyterlab-pygments==0.1.2
    - kiwisolver==1.3.1
    - markupsafe==2.0.1
    - matplotlib==3.3.4
    - mistune==0.8.4
    - nbclient==0.5.9
    - nbconvert==6.0.7
    - nbformat==5.1.3
    - networkx==2.5.1
    - opencv-contrib-python==4.6.0.66
    - opencv-python==4.6.0.66
    - packaging==21.3
    - pandocfilters==1.5.0
    - pyparsing==3.0.9
    - pyrsistent==0.18.0
    - runpynb==0.1.4
    - scipy==1.2.2
    - testpath==0.6.0
    - typing-extensions==4.1.1
    - webencodings==0.5.1
    - zipp==3.6.0

